properties	Shannon	Chao	NPE	TP	AP	pH	SOC	TN	TK	AK	AN	PAC
0CK1	2.917873	588.1409	0.138889	0.218878532	0.226523038	4.94	3.382208813	0.429607588	10.47036082	42.5	42.84	0.103492579
0CK2	2.38652	487.8421	0.186992	0.196517364	0.834849637	4.84	2.468904891	0.360526074	11.01928375	45	32.13	0.424822326
0CK3	2.95521	388.0435	1.079646	0.252441081	0.971586659	4.88	2.444037105	0.376768817	11.07034413	45	28.56	0.384876604
0N1	2.978961	387	0.41502	0.246814794	0.779597225	4.78	2.973030367	0.442076179	13.54386892	55	39.27	0.315863248
0N2	3.107975	388.0435	0.471014	0.200322853	0.675296819	4.78	2.774328729	0.492524186	12.89737869	52.5	28.56	0.337104234
0N3	2.980123	366.9219	0.34749	0.229810518	0.394368735	4.85	1.900009596	0.402800422	11.35718342	40	35.7	0.171606042
0NS1	3.107975	487.8421	0.461538	0.229610281	0.394368735	4.9	2.374131774	0.40536193	12.52783964	47.5	49.98	0.171755695
0NS2	2.656163	413.4483	0.42308	0.238417827	0.327126865	4.82	2.440057271	0.476571886	12.41486947	47.5	35.7	0.137207385
0NS3	2.917873	423.7333	0.92308	0.219781575	0.260023211	4.83	2.982819733	0.414412575	11.91737288	50	46.41	0.118309831
0NSM1	2.656163	487.8421	0.152284	0.247980584	1.769136757	4.9	2.176450802	0.360645992	11.30653266	42.5	42.84	0.713417449
0NSM2	2.626489	388.0435	0.590909	0.21477559	1.528979356	4.86	1.738821158	0.341116751	11.29518072	40	24.99	0.711896243
0NSM3	3.107975	342.6102	0.449495	0.245807672	0.428041679	4.84	2.382077329	0.359971202	12.22493888	42.5	42.84	0.174136826
0NB1	2.38652	342.6102	0.553846	0.216449553	1.167837233	4.8	1.990269792	0.359512091	12.29034124	45	28.56	0.539542455
0NB2	2.980123	366.9219	0.315315	0.252697635	1.00586059	4.8	2.868951128	0.328813921	12.87583519	62.5	49.98	0.398049072
0NB3	3.22294	423.7333	0.448	0.244687409	0.360730488	4.89	2.43421582	0.341263651	11.32532659	45	39.27	0.147425031
1CK1	3.418722	402.827	1.17094	0.23	1.27	4.9	2.621085715	0.505	11.05	45	25.68819435	0.552173913
1CK2	3.486146	389.7093	1.091603	0.26	1.26	4.86	2.6506	0.49	10.38	50	17.80787238	0.484615385
1CK3	3.598921	403.7459	0.992188	0.23	1.33	4.84	2.671987167	0.52	11.19	47.5	20.55930715	0.57826087
1N1	3.029601	446.1064	0.253676	0.26	2.29	4.78	2.830078106	0.4	10.24	45	72.35632576	0.880769231
1N2	2.961233	469.4095	0.625442	0.23	1.46	4.78	2.660712644	0.44	9.89	49	102.5783331	0.634782609
1N3	3.02692	463.6769	0.167286	0.25	2.11	4.85	2.679907886	0.48	10.35	47.5	98.67	0.844
1NS1	3.157446	569.4677	0.9	0.25	1.68	4.9	2.697	0.52	9.67	50	55.05112207	0.672
1NS2	3.492404	486.0084	1.19231	0.26	1.76	4.87	2.728032739	0.53	9.87	70	102.1149393	0.676923077
1NS3	3.446674	522.9394	1.084615	0.24	1.87	4.83	2.653332268	0.5	10.05	55	86.94811821	0.779166667
1NSM1	3.734003	578.0696	1.442623	0.31	1.85	4.94	3.141120049	0.54	10.73	62.5	83.03417808	0.596774194
1NSM2	3.601824	511.5064	1.40113	0.26	1.82	4.88	3.117393614	0.52	11.57	60	88.07647059	0.7
1NSM3	3.143815	506.1987	1.25	0.26	1.8	4.86	3.366027507	0.56	10.92	65	91.61249782	0.692307692
1NB1	3.563841	550.9016	0.939759	0.25	1.94	4.94	4.0252	0.52	10.02	80	59.38513158	0.776
1NB2	3.897883	538.1067	0.856	0.27	2.01	4.89	4.045157375	0.53	10.48	77.5	72.7278186	0.744444444
1NB3	3.37293	434.1579	1	0.25	2.05	4.88	4.031	0.48	10.8	75	47.42301274	0.82
2CK1	2.925682	331.1053	0.793981	0.27	1.84	4.85	3.43922151	0.44	11.59	55	6.681583672	0.681481481
2CK2	3.145369	467.78	1.205543	0.26	1.74	4.67	3.282041515	0.46	13.3	57.5	8.034503497	0.669230769
2CK3	3.678735	633.8524	1.284404	0.26	1.77	4.86	3.06356	0.45	13.33	60	5.096996774	0.680769231
2N1	3.15057	491.6471	0.969014	0.34	1.953	4.68	3.959774926	0.45	12.81	70	4.706571054	0.574411765
2N2	3.925744	405.3457	0.70904	0.28	1.7	4.81	3.58788	0.48	12.85	72.5	5.447300821	0.607142857
2N3	3.964204	400.4615	0.439093	0.29	2.05	4.81	3.772269316	0.51	12.9	77.5	6.14204641	0.706896552
2NS1	3.363269	490.5769	1.383754	0.3	2.66	4.77	4.190929369	0.6	13.61	90	7.641610169	0.886666667
2NS2	3.395875	489.3421	1.501401	0.3	2.19	4.76	3.74448	0.49	13.72	80	11.69368288	0.73
2NS3	3.467394	452.359	1.110169	0.29	2.98	4.85	3.713096464	0.52	11.9666302	87	4.456336401	1.027586207
2NSM1	4.46904	586.0488	0.911738	0.34	4.27	4.83	4.432200047	0.56	12.81163435	90	8.788505415	1.255882353
2NSM2	4.680213	601.791	1.329513	0.31	2.77	4.81	3.87951891	0.55	13.64	87.5	6.571797902	0.893548387
2NSM3	4.747648	614.1009	0.706507	0.31	3.856	4.85	4.381994104	0.49	13.31	87.5	6.343840892	1.243870968
2NB1	4.306269	597.5455	0.876518	0.35	2.69	4.9	4.304029469	0.571017625	11.70798898	99.3	9.487722222	0.768571429
2NB2	4.356017	570.03	0.557576	0.36	2.84	4.83	4.920053409	0.520508671	13.29	97.5	6.573309011	0.788888889
2NB3	4.126141	678.7953	0.589899	0.31	2.73	4.84	4.762210997	0.586437044	13.38	110	7.54609417	0.880645161
3CK1	3.526646	419.2959	1.117647	0.260497628	1.026082264	4.52	2.815761371	0.417969238	10.81564375	57.5	9.865	0.393893131
3CK2	4.294274	360.6155	1.375	0.274583542	0.9584882	4.58	2.471928383	0.404491506	12.54282917	60	9.85	0.349069792
3CK3	4.30794	422.2933	1.464286	0.256521376	1.026082264	4.5	2.115175838	0.448773561	10.89449541	66.66666667	10.06	0.399998737
3N1	4.08004	540.8186	0.565657	0.255146686	1.779308564	4.1	2.798342909	0.45697566	10.74287733	52.5	30.165	0.697366912
3N2	3.883428	560.9067	0.801587	0.279268916	0.924745252	4.12	1.668030578	0.487342886	11.31563066	62.5	22.985	0.331130749
3N3	3.674553	510.1861	0.768421	0.279795067	1.64101759	4.21	1.849123685	0.410607134	10.84629254	60	23.985	0.586506977
3NS1	5.08606	494.8296	1.376238	0.283357693	3.088000907	4.17	1.672844519	0.412458472	10.80914145	70	23.84	1.089788978
3NS2	5.095306	496.5649	1.734043	0.265966936	0.9584882	4.17	1.930319259	0.438206719	11.48947951	72.5	22.165	0.360378705
3NS3	4.987296	506.7374	0.5	0.274511149	1.400453616	4.16	2.028708107	0.449387401	11.02292769	82.5	30.675	0.510162746
3NSM1	5.377008	673.4319	0.911738	0.334879633	2.872068259	4.27	4.157894173	0.484712991	12.21192385	95	17.16	0.857641963
3NSM2	5.196291	622.374	0.907847	0.327072779	2.800417016	4.21	4.487360643	0.494857898	12.59763165	82.5	26.27	0.856206079
3NSM3	5.091485	591.2444	0.913083	0.310536371	2.232975612	4.19	4.816827113	0.468645409	12.06196039	75	28.24	0.719070557
3NB1	5.635612	623.0846	1.0658703	0.28248429	2.092691524	4.3	4.560991711	0.497923485	10.73276876	97.5	16.835	0.740816958
3NB2	5.57724	621.7603	1.0178451	0.278337427	1.09382107	4.19	5.474350906	0.460760547	12.28305258	85	31.375	0.392983826
3NB3	5.63777	652.9341	1.0532646	0.273666728	1.813975976	4.19	4.621742863	0.458601583	11.21205152	95	26.62	0.662841256
4CK1	3.538956	420.7093	0.453488	0.264130138	0.050016939	4.93	3.293594415	0.43902972	10.91476091	50	15.30162726	0.018936476
4CK2	2.958647	353.9865	1.1	0.268259777	0.728518122	4.57	3.0798	0.45	11.53483992	50	13.80638175	0.271571881
4CK3	2.636771	328.2471	0.355658	0.276040655	1.107920355	4.89	2.890508069	0.449409781	10.63633	57.5	15.58314701	0.401361298
4N1	3.74974	316.4746	0.852273	0.375031607	2.202008321	4.45	3.20292024	0.512658605	10.71706937	42.5	17.47138969	0.587152731
4N2	3.038344	397.6375	0.51711	0.300520997	1.003999966	4.5	3.325354355	0.490246859	11.0307095	50	21.42698529	0.334086462
4N3	3.138623	373	0.01145	0.294689837	1.987308645	4.74	2.736507937	0.44	10.76040172	42.5	19.31217286	0.674372983
4NS1	3.753885	521.383	0.615873	0.295944133	1.003999966	4.7	3.348471026	0.477480689	10.27269331	62.5	17.66143195	0.339253208
4NS2	4.319726	576.4262	0.468013	0.316166547	1.107920355	4.76	4.088154339	0.438930493	11.76866174	65	20.30738758	0.350423018
4NS3	3.479111	592.7586	0.426573	0.312328287	1.0386026	4.91	3.04540649	0.46	10.44094794	60	13.82029076	0.332535554
4NSM1	4.945021	662.0971	1.490446	0.441217922	7.205196811	4.57	4.223287359	0.591107342	11.74908051	70	13.58526474	1.633024511
4NSM2	4.790874	724.0571	1.022599	0.338769052	5.3	4.72	3.720311428	0.51613079	12.84549965	75	13.04836824	1.564487656
4NSM3	4.464493	623.1795	1.117978	0.41656271	3.409326377	4.58	3.765967482	0.479131886	11.13013699	70	15.03816464	0.818442529
4NB1	4.38109	632.1235	1.191176	0.362362128	1.738633411	4.71	5.339186653	0.515075377	10.95264728	81.66666667	14.66004313	0.479805497
4NB2	4.481573	626.4375	1.127451	0.347913028	1.527011042	4.62	4.431883799	0.512434638	12.13080169	87.5	19.24709845	0.438905968
4NB3	4.604459	672.4436	1.196078	0.328193463	1.247008103	4.96	4.173007335	0.475892857	10.89015152	85	13.74051423	0.379961286
5CK1	3.647668	625.05	1.111111	0.287879221	1.026082264	4.9	2.75039884	0.42	10.80827068	62.5	8.301092562	0.35642804
5CK2	3.398968	554.8812	1.303468	0.221026678	1.195702027	4.7	2.353502482	0.366365569	11.00880705	55	8.836021359	0.540976337
5CK3	3.657733	691.129	1.297688	0.242381092	1.110892146	4.76	2.699878568	0.361239934	10.69289991	62.5	9.608507503	0.45832459
5N1	3.935984	497.4135	1.431122	0.301753926	3.305417639	4.64	2.9232	0.5	10.50747198	50	7.347757626	1.095401701
5N2	3.937427	517.2292	1.008021	0.360765654	3.487746732	4.62	2.750153924	0.472887168	11.38018937	50	7.764523279	0.96676241
5N3	3.885258	507.5185	0.974937	0.32275856	3.305417639	4.57	2.962835661	0.48	10.76101928	60	5.746599858	1.024114632
5NS1	4.147896	642.8993	0.948864	0.35597095	4.041125451	4.75	3.242055775	0.510578652	9.915014164	62.5	8.436433628	1.135240235
5NS2	4.368275	725.9379	0.918552	0.346590636	5.062276003	4.72	3.293639025	0.449527328	11.44879267	90	7.472858033	1.46059226
5NS3	4.269451	715.8882	0.782787	0.345624483	4.794351751	4.67	3.815694165	0.551269238	10.42422045	95	10.27804482	1.387156289
5NSM1	4.840985	596	1.213974	0.512652313	13.71752557	4.71	3.81905601	0.542379548	11.14864865	92.5	7.633347193	2.675795119
5NSM2	4.791491	596	1.0347072	0.535277269	14.92481017	4.73	4.252511115	0.582373861	12.56767208	100	6.935038934	2.788239112
5NSM3	5.125461	922.5825	0.973799	0.567801056	14.925	4.67	5.576538844	0.732013067	11.67704626	112.5	9.382198675	2.628561508
5NB1	4.509247	745.7432	1.293722	0.359116912	4.642264872	4.89	6.029622433	0.587547206	10.52188552	115	8.236183617	1.292689015
5NB2	4.690351	885.5815	0.966903	0.321925567	4.22775732	4.7	4.337841788	0.539391338	12.38046448	112.5	7.783277372	1.313271686
5NB3	4.67712	814.129	1.30839	0.336986048	6.922472224	4.81	5.23481073	0.6	11.61710037	125	8.43113021	2.054231107
6CK1	3.293838	616.25	1.367647	0.25	0.22	4.78	3.794278219	0.3936935	11.8711499	57.5	8.301092562	0.088
6CK2	3.892534	589.1667	1.095238	0.24	0.13	4.74	2.42250287	0.380745212	12.05787781	55	8.836021359	0.054166667
6CK3	3.365493	638.5882	1.322581	0.23	0.52	4.72	2.363548459	0.357755176	11.83304647	57.5	9.608507503	0.226086957
6N1	3.957888	532.6	0.582857	0.33	4.04	4.8	5.027605735	0.499087383	12.45847176	85	7.347757626	1.224242424
6N2	3.451239	573.9608	0.41791	0.37	3.78	4.76	4.260676633	0.464928896	12.51317176	82.5	7.764523279	1.021621622
6N3	4.262444	519.4545	0.301676	0.32	3.89	4.79	4.312730285	0.411919699	11.71444322	90	5.746599858	1.215625
6NS1	4.661787	653.5264	1.622283	0.34	4.04	4.79	4.994114631	0.51350365	11.05356241	97.5	8.436433628	1.188235294
6NS2	4.58379	658.7714	1.756098	0.3	2.94	4.73	3.55273812	0.459803922	12.43622449	115	7.472858033	0.98
6NS3	4.95899	657.7488	1.842767	0.32	3.31	4.76	4.231156934	0.463591433	11.89557613	120	10.27804482	1.034375
6NSM1	5.25679	819.4105	1.347072	0.43	7.71	4.67	6.798277098	0.526966292	12.45411641	110	7.633347193	1.793023256
6NSM2	5.221605	909.105	1.448878	0.39	6.76	4.68	4.167394831	0.538231323	13.64483493	127.5	6.935038934	1.733333333
6NSM3	5.407034	868.5858	1.330166	0.45	10.91	4.7	5.102527796	0.612957431	12.28852309	112.5	9.382198675	2.424444444
6NB1	5.25679	836.1875	1.553846	0.42	5.8	4.82	8.130151619	0.59	12.13592233	160	8.236183617	1.380952381
6NB2	5.221605	848.2666	1.315315	0.39	4.04	4.78	6.597919174	0.506554935	12.94889503	135	7.783277372	1.035897436
6NB3	5.407034	892.6966	1.448	0.41	6.36	4.86	6.216197308	0.541758788	11.78257227	212.5	8.43113021	1.551219512
7CK1	3.476123	499.4179	1.457227	0.267625748	1.47	4.43	2.518716397	0.412977778	11.65501166	49.87212276	10.83	0.549274504
7CK2	3.486254	517.8	1.147826	0.257801572	1.33	4.38	2.484511019	0.393039804	13.69201031	49.87212276	9.31	0.515900656
7CK3	3.508993	532.2	1.089506	0.275514859	1.13	4.32	2.592315791	0.428993536	13.4180791	62.34015345	9.51	0.410141219
7N1	3.744816	569.2667	0.997382	0.365032223	4.68	4.18	3.779720816	0.452661064	11.46235521	112.2122762	16.64	1.282078596
7N2	3.942509	546.3245	1.39433	0.401060363	3.31	4.3	3.921113689	0.441488697	12.25490196	99.74424552	10.975	0.825312174
7N3	4.313448	651.9939	1.5	0.344756712	4.12	4.22	4.169452443	0.458518334	13.19957761	124.6803069	18.735	1.195045624
7NS1	5.218747	925.756	1.076923	0.478704071	6.04	4.23	4.814223843	0.511906677	11.75548589	149.6163683	14.525	1.261739844
7NS2	5.214103	894.7448	1.014035	0.386671349	4.04	4.32	3.944272215	0.488192239	14.57399103	162.084399	11.715	1.044814934
7NS3	5.212325	913.362	1.012085	0.387646916	4.42	4.12	4.554839229	0.519914601	12.21896383	149.6163683	20.64	1.140212863
7NSM1	5.263294	806.8625	1.362445	0.475499689	13.17	4.14	5.510167571	0.600663746	13.60252005	149.6163683	25.645	2.7697179
7NSM2	5.075904	816.8553	1.766376	0.463446685	8.86	4.26	4.894671227	0.57851735	12.96936759	112.2122762	13.545	1.911762515
7NSM3	4.752359	840.2182	1.032751	0.49339097	12.62	4.27	5.121809745	0.720931124	13.38454376	112.2122762	14.685	2.557809276
7NB1	5.322396	947.2353	1.225564	0.370708739	4.79	4.42	5.939675174	0.591885897	13.15789474	149.6163683	11.77	1.292119526
7NB2	5.385696	838.6118	1.102757	0.380705387	3.67	4.35	5.263970361	0.580180492	14.1765286	149.6163683	15.41	0.964000018
7NB3	5.292976	1095.419	0.89313	0.40549546	6.24	4.3	5.756471358	0.619260017	13.24419778	174.5524297	16.815	1.538858166
